1.000000014901161194e-01 3.200000047683715820e+00 4.500000000000000000e+00 1.299999952316284180e+00
1.000000014901161194e-01 3.200000047683715820e+00 4.500000000000000000e+00 1.299999952316284180e+00
1.000000014901161194e-01 3.200000047683715820e+00 4.500000000000000000e+00 1.299999952316284180e+00
1.000000014901161194e-01 3.200000047683715820e+00 4.500000000000000000e+00 1.299999952316284180e+00
1.000000014901161194e-01 3.200000047683715820e+00 4.500000000000000000e+00 1.299999952316284180e+00
1.000000014901161194e-01 3.200000047683715820e+00 4.500000000000000000e+00 1.299999952316284180e+00
1.000000014901161194e-01 3.200000047683715820e+00 4.500000000000000000e+00 1.299999952316284180e+00
1.000000014901161194e-01 3.200000047683715820e+00 4.500000000000000000e+00 1.299999952316284180e+00
1.000000014901161194e-01 3.200000047683715820e+00 4.500000000000000000e+00 1.299999952316284180e+00
1.000000014901161194e-01 3.200000047683715820e+00 4.500000000000000000e+00 1.299999952316284180e+00
1.000000014901161194e-01 3.200000047683715820e+00 4.500000000000000000e+00 1.299999952316284180e+00
1.000000014901161194e-01 3.200000047683715820e+00 4.500000000000000000e+00 1.299999952316284180e+00
1.000000014901161194e-01 3.200000047683715820e+00 4.500000000000000000e+00 1.299999952316284180e+00
1.000000014901161194e-01 3.200000047683715820e+00 4.500000000000000000e+00 1.299999952316284180e+00
1.000000014901161194e-01 3.200000047683715820e+00 4.500000000000000000e+00 1.299999952316284180e+00
1.000000014901161194e-01 3.200000047683715820e+00 4.500000000000000000e+00 1.299999952316284180e+00
1.000000014901161194e-01 3.200000047683715820e+00 4.500000000000000000e+00 1.299999952316284180e+00
1.000000014901161194e-01 3.200000047683715820e+00 4.500000000000000000e+00 1.299999952316284180e+00
1.000000014901161194e-01 3.200000047683715820e+00 4.500000000000000000e+00 1.299999952316284180e+00
1.000000014901161194e-01 3.200000047683715820e+00 4.500000000000000000e+00 1.299999952316284180e+00
1.000000014901161194e-01 3.200000047683715820e+00 4.500000000000000000e+00 1.299999952316284180e+00
1.000000014901161194e-01 3.200000047683715820e+00 4.500000000000000000e+00 1.299999952316284180e+00
1.000000014901161194e-01 3.200000047683715820e+00 4.500000000000000000e+00 1.299999952316284180e+00
1.000000014901161194e-01 3.200000047683715820e+00 4.500000000000000000e+00 1.299999952316284180e+00
2.000000000000000000e+00 1.000000014901161194e-01 1.000000014901161194e-01 1.000000014901161194e-01
2.000000000000000000e+00 1.000000014901161194e-01 1.000000014901161194e-01 1.000000014901161194e-01
2.000000000000000000e+00 1.000000014901161194e-01 1.000000014901161194e-01 1.000000014901161194e-01
2.000000000000000000e+00 1.000000014901161194e-01 1.000000014901161194e-01 1.000000014901161194e-01
2.000000000000000000e+00 1.000000014901161194e-01 1.000000014901161194e-01 1.000000014901161194e-01
2.000000000000000000e+00 1.000000014901161194e-01 1.000000014901161194e-01 1.000000014901161194e-01
2.000000000000000000e+00 1.000000014901161194e-01 1.000000014901161194e-01 1.000000014901161194e-01
2.000000000000000000e+00 1.000000014901161194e-01 1.000000014901161194e-01 1.000000014901161194e-01
2.000000000000000000e+00 1.000000014901161194e-01 1.000000014901161194e-01 1.000000014901161194e-01
2.000000000000000000e+00 1.000000014901161194e-01 1.000000014901161194e-01 1.000000014901161194e-01
2.000000000000000000e+00 1.000000014901161194e-01 1.000000014901161194e-01 1.000000014901161194e-01
2.000000000000000000e+00 1.000000014901161194e-01 1.000000014901161194e-01 1.000000014901161194e-01
2.000000000000000000e+00 1.000000014901161194e-01 1.000000014901161194e-01 1.000000014901161194e-01
2.000000000000000000e+00 1.000000014901161194e-01 1.000000014901161194e-01 1.000000014901161194e-01
2.000000000000000000e+00 1.000000014901161194e-01 1.000000014901161194e-01 1.000000014901161194e-01
2.000000000000000000e+00 1.000000014901161194e-01 1.000000014901161194e-01 1.000000014901161194e-01
2.000000000000000000e+00 1.000000014901161194e-01 1.000000014901161194e-01 1.000000014901161194e-01
2.000000000000000000e+00 1.000000014901161194e-01 1.000000014901161194e-01 1.000000014901161194e-01
2.000000000000000000e+00 1.000000014901161194e-01 1.000000014901161194e-01 1.000000014901161194e-01
2.000000000000000000e+00 1.000000014901161194e-01 1.000000014901161194e-01 1.000000014901161194e-01
2.000000000000000000e+00 1.000000014901161194e-01 1.000000014901161194e-01 1.000000014901161194e-01
2.000000000000000000e+00 1.000000014901161194e-01 1.000000014901161194e-01 1.000000014901161194e-01
2.000000000000000000e+00 1.000000014901161194e-01 1.000000014901161194e-01 1.000000014901161194e-01
2.000000000000000000e+00 1.000000014901161194e-01 1.000000014901161194e-01 1.000000014901161194e-01
